&CONTROL
/
&SYSTEM
   ntyp             = 2
   nat              = 96
   ibrav            = 0
/
&ELECTRONS
/
&IONS
/
&CELL
/
&FCP
/
&RISM
/
ATOMIC_SPECIES
Ir 192.217 Ir.us.z_31.ld1.psl.v1.0.0-high.upf
O 15.999 O.pbe-n-kjpaw_psl.0.1.UPF

K_POINTS gamma

CELL_PARAMETERS angstrom
12.72311373524579 0.00000000000000 0.00000000000000
0.00000000000000 6.30880000000000 0.00000000000000
0.00000000000000 0.00000000000000 41.48769939155342

ATOMIC_POSITIONS angstrom
Ir 0.0000000000 0.0000000000 15.0000000000  
Ir 3.1807784338 1.5772000000 15.0000000000  
O 0.0000000000 0.0000000000 16.9453640901  
O 3.1807784338 0.0000000000 16.2354143437  
O 1.2354143437 1.5772000000 15.0000000000  
O 5.1261425239 1.5772000000 15.0000000000  
Ir 3.1807784338 0.0000000000 18.1807784338  
Ir 0.0000000000 1.5772000000 18.1807784338  
O 3.1807784338 0.0000000000 20.1261425239  
O 0.0000000000 0.0000000000 19.4161927775  
O 4.4161927775 1.5772000000 18.1807784338  
O 1.9453640901 1.5772000000 18.1807784338  
Ir 0.0000000000 0.0000000000 21.3615568676  
Ir 3.1807784338 1.5772000000 21.3615568676  
O 0.0000000000 0.0000000000 23.3069209577  
O 3.1807784338 0.0000000000 22.5969712113  
O 1.2354143437 1.5772000000 21.3615568676  
O 5.1261425239 1.5772000000 21.3615568676  
Ir 3.1807784338 0.0000000000 24.5423353014  
Ir 0.0000000000 1.5772000000 24.5423353014  
O 3.1807784338 0.0000000000 26.4876993916  
O 0.0000000000 0.0000000000 25.7777496451  
O 4.4161927775 1.5772000000 24.5423353014  
O 1.9453640901 1.5772000000 24.5423353014  
Ir 0.0000000000 3.1544000000 15.0000000000  
Ir 3.1807784338 4.7316000000 15.0000000000  
O 0.0000000000 3.1544000000 16.9453640901  
O 3.1807784338 3.1544000000 16.2354143437  
O 1.2354143437 4.7316000000 15.0000000000  
O 5.1261425239 4.7316000000 15.0000000000  
Ir 3.1807784338 3.1544000000 18.1807784338  
Ir 0.0000000000 4.7316000000 18.1807784338  
O 3.1807784338 3.1544000000 20.1261425239  
O 0.0000000000 3.1544000000 19.4161927775  
O 4.4161927775 4.7316000000 18.1807784338  
O 1.9453640901 4.7316000000 18.1807784338  
Ir 0.0000000000 3.1544000000 21.3615568676  
Ir 3.1807784338 4.7316000000 21.3615568676  
O 0.0000000000 3.1544000000 23.3069209577  
O 3.1807784338 3.1544000000 22.5969712113  
O 1.2354143437 4.7316000000 21.3615568676  
O 5.1261425239 4.7316000000 21.3615568676  
Ir 3.1807784338 3.1544000000 24.5423353014  
Ir 0.0000000000 4.7316000000 24.5423353014  
O 3.1807784338 3.1544000000 26.4876993916  
O 0.0000000000 3.1544000000 25.7777496451  
O 4.4161927775 4.7316000000 24.5423353014  
O 1.9453640901 4.7316000000 24.5423353014  
Ir 6.3615568676 0.0000000000 15.0000000000  
Ir 9.5423353014 1.5772000000 15.0000000000  
O 6.3615568676 0.0000000000 16.9453640901  
O 9.5423353014 0.0000000000 16.2354143437  
O 7.5969712113 1.5772000000 15.0000000000  
O 11.4876993916 1.5772000000 15.0000000000  
Ir 9.5423353014 0.0000000000 18.1807784338  
Ir 6.3615568676 1.5772000000 18.1807784338  
O 9.5423353014 0.0000000000 20.1261425239  
O 6.3615568676 0.0000000000 19.4161927775  
O 10.7777496451 1.5772000000 18.1807784338  
O 8.3069209577 1.5772000000 18.1807784338  
Ir 6.3615568676 0.0000000000 21.3615568676  
Ir 9.5423353014 1.5772000000 21.3615568676  
O 6.3615568676 0.0000000000 23.3069209577  
O 9.5423353014 0.0000000000 22.5969712113  
O 7.5969712113 1.5772000000 21.3615568676  
O 11.4876993916 1.5772000000 21.3615568676  
Ir 9.5423353014 0.0000000000 24.5423353014  
Ir 6.3615568676 1.5772000000 24.5423353014  
O 9.5423353014 0.0000000000 26.4876993916  
O 6.3615568676 0.0000000000 25.7777496451  
O 10.7777496451 1.5772000000 24.5423353014  
O 8.3069209577 1.5772000000 24.5423353014  
Ir 6.3615568676 3.1544000000 15.0000000000  
Ir 9.5423353014 4.7316000000 15.0000000000  
O 6.3615568676 3.1544000000 16.9453640901  
O 9.5423353014 3.1544000000 16.2354143437  
O 7.5969712113 4.7316000000 15.0000000000  
O 11.4876993916 4.7316000000 15.0000000000  
Ir 9.5423353014 3.1544000000 18.1807784338  
Ir 6.3615568676 4.7316000000 18.1807784338  
O 9.5423353014 3.1544000000 20.1261425239  
O 6.3615568676 3.1544000000 19.4161927775  
O 10.7777496451 4.7316000000 18.1807784338  
O 8.3069209577 4.7316000000 18.1807784338  
Ir 6.3615568676 3.1544000000 21.3615568676  
Ir 9.5423353014 4.7316000000 21.3615568676  
O 6.3615568676 3.1544000000 23.3069209577  
O 9.5423353014 3.1544000000 22.5969712113  
O 7.5969712113 4.7316000000 21.3615568676  
O 11.4876993916 4.7316000000 21.3615568676  
Ir 9.5423353014 3.1544000000 24.5423353014  
Ir 6.3615568676 4.7316000000 24.5423353014  
O 9.5423353014 3.1544000000 26.4876993916  
O 6.3615568676 3.1544000000 25.7777496451  
O 10.7777496451 4.7316000000 24.5423353014  
O 8.3069209577 4.7316000000 24.5423353014  

